-3.806259632110595703e+00
-5.392067909240722656e+00
-5.181951045989990234e+00
-5.249942302703857422e+00
-5.304352283477783203e+00
-4.986974716186523438e+00
-5.480390548706054688e+00
-5.027459621429443359e+00
-4.245839595794677734e+00
-4.374256610870361328e+00
-5.471539020538330078e+00
-6.149604797363281250e+00
-4.716766834259033203e+00
-5.714106082916259766e+00
-5.643098354339599609e+00
-4.609937191009521484e+00
-5.055391311645507812e+00
-5.997172355651855469e+00
-5.230370521545410156e+00
-4.352357864379882812e+00
-4.643949031829833984e+00
-4.785636901855468750e+00
-5.391678333282470703e+00
-6.091542243957519531e+00
-5.437412738800048828e+00
-6.107264995574951172e+00
-3.802734375000000000e+00
-6.185284137725830078e+00
-5.279342174530029297e+00
-5.214222908020019531e+00
-4.723764419555664062e+00
-4.551793098449707031e+00
-3.976821660995483398e+00
-4.618315696716308594e+00
-4.668463230133056641e+00
-6.281253814697265625e+00
-6.118530750274658203e+00
-7.215651512145996094e+00
-6.252863883972167969e+00
-4.846819877624511719e+00
-5.280413627624511719e+00
-5.985031604766845703e+00
-6.145405769348144531e+00
-5.040490150451660156e+00
-5.074427604675292969e+00
-4.799778461456298828e+00
-6.107369422912597656e+00
-7.471195220947265625e+00
-6.984810352325439453e+00
-4.387553215026855469e+00
-4.721641540527343750e+00
-4.742816448211669922e+00
-6.271943569183349609e+00
-4.949500083923339844e+00
-6.068357944488525391e+00
-5.184733867645263672e+00
-5.133771896362304688e+00
-4.883464336395263672e+00
-3.948145627975463867e+00
-6.357491493225097656e+00
-7.829254150390625000e+00
-6.535867691040039062e+00
-5.001951694488525391e+00
-4.435555934906005859e+00
-6.327214717864990234e+00
-5.890618801116943359e+00
-5.278091430664062500e+00
-4.920472145080566406e+00
-4.148013591766357422e+00
-5.532615661621093750e+00
-5.262710571289062500e+00
-6.944778919219970703e+00
-5.561607360839843750e+00
-7.089252948760986328e+00
-6.494428157806396484e+00
-5.986734867095947266e+00
-5.561459064483642578e+00
-5.281644821166992188e+00
-5.292834758758544922e+00
-4.818140506744384766e+00
-4.249699592590332031e+00
-5.417356014251708984e+00
-4.915107250213623047e+00
-7.464888095855712891e+00
-8.296064376831054688e+00
-5.088348865509033203e+00
-7.188810348510742188e+00
-5.310817241668701172e+00
-5.277562618255615234e+00
-6.484124660491943359e+00
-5.410842895507812500e+00
-5.284664154052734375e+00
-4.588226318359375000e+00
-5.188970088958740234e+00
-7.431596279144287109e+00
-7.234827518463134766e+00
-4.908758640289306641e+00
-5.411238193511962891e+00
-4.172690868377685547e+00
-4.855196475982666016e+00
-4.800990104675292969e+00
-5.840176582336425781e+00
-6.116792678833007812e+00
-4.626986980438232422e+00
-4.011367797851562500e+00
-4.911397933959960938e+00
-4.585980892181396484e+00
-6.199932098388671875e+00
-7.802256107330322266e+00
-5.972215175628662109e+00
-5.334347248077392578e+00
-4.403014659881591797e+00
-5.647820472717285156e+00
-5.218959331512451172e+00
-5.022627830505371094e+00
-4.025848865509033203e+00
-4.028312683105468750e+00
-5.020462512969970703e+00
-5.280945777893066406e+00
-6.603454113006591797e+00
-8.175784111022949219e+00
-7.874618053436279297e+00
-6.304236888885498047e+00
-6.772861480712890625e+00
-5.346433162689208984e+00
-5.919371128082275391e+00
-5.694109439849853516e+00
-3.807778835296630859e+00
-4.490214347839355469e+00
-4.442955493927001953e+00
-5.674273014068603516e+00
-5.615945816040039062e+00
-9.056777000427246094e+00
-6.666153907775878906e+00
-5.788546085357666016e+00
-5.384350299835205078e+00
-5.553793907165527344e+00
-6.381059169769287109e+00
-5.115596294403076172e+00
-4.500458717346191406e+00
-3.814277887344360352e+00
-4.226265907287597656e+00
-5.813013553619384766e+00
-6.341878414154052734e+00
-7.456021308898925781e+00
-6.918857574462890625e+00
-5.972467422485351562e+00
-5.662180900573730469e+00
-5.565573215484619141e+00
-6.151151180267333984e+00
-5.525134086608886719e+00
-4.115089893341064453e+00
-5.246196746826171875e+00
-3.720200300216674805e+00
-6.199565410614013672e+00
-5.605001449584960938e+00
-5.152943611145019531e+00
-6.644683837890625000e+00
-6.122714996337890625e+00
-5.526915550231933594e+00
-5.106576442718505859e+00
-6.129641532897949219e+00
-5.257795333862304688e+00
-4.998635292053222656e+00
-5.190395832061767578e+00
-4.020868778228759766e+00
-6.036665439605712891e+00
-6.239239215850830078e+00
-7.244416236877441406e+00
-5.160065174102783203e+00
-5.558561325073242188e+00
-5.056075096130371094e+00
-5.112358570098876953e+00
-5.930477142333984375e+00
-5.301984786987304688e+00
-4.638877868652343750e+00
-5.258326053619384766e+00
-4.597845077514648438e+00
-6.526257514953613281e+00
-6.789782524108886719e+00
-7.989903450012207031e+00
-7.413055896759033203e+00
-5.809204578399658203e+00
-5.445117473602294922e+00
-5.776894092559814453e+00
-6.012126922607421875e+00
-5.465494632720947266e+00
-4.555807113647460938e+00
-4.253561496734619141e+00
-4.055707454681396484e+00
-5.550662994384765625e+00
-6.300467014312744141e+00
-6.723598480224609375e+00
-6.797291755676269531e+00
-4.822574138641357422e+00
-4.866348743438720703e+00
-4.841012001037597656e+00
-5.098443508148193359e+00
-4.958901882171630859e+00
-3.205231666564941406e+00
-3.566705226898193359e+00
-4.362938880920410156e+00
-5.286512851715087891e+00
-4.816038131713867188e+00
-5.776079654693603516e+00
-6.050735950469970703e+00
-5.419098377227783203e+00
-5.478168964385986328e+00
-5.646092414855957031e+00
-6.034744262695312500e+00
-5.499078750610351562e+00
-4.731569290161132812e+00
-4.245626449584960938e+00
-4.921559333801269531e+00
-6.682116031646728516e+00
-5.490837097167968750e+00
-5.617535114288330078e+00
-8.613600730895996094e+00
-6.491003990173339844e+00
-4.242043018341064453e+00
-6.137757301330566406e+00
-5.588958263397216797e+00
-5.958882808685302734e+00
-4.830271244049072266e+00
-4.638782978057861328e+00
-3.775054693222045898e+00
-5.708724498748779297e+00
-6.267441272735595703e+00
-6.637832164764404297e+00
-3.784425497055053711e+00
-6.118146419525146484e+00
-6.009090423583984375e+00
-5.138069152832031250e+00
-5.534439086914062500e+00
-5.159453392028808594e+00
-4.590135097503662109e+00
-3.966196060180664062e+00
-5.369684696197509766e+00
-6.159596920013427734e+00
-7.746757507324218750e+00
-7.797545909881591797e+00
-6.257849693298339844e+00
-5.756494998931884766e+00
-5.414343833923339844e+00
-4.922648429870605469e+00
-6.044771194458007812e+00
-5.028126716613769531e+00
-3.453356981277465820e+00
-3.783653259277343750e+00
-4.759590148925781250e+00
-4.051055431365966797e+00
-6.414513111114501953e+00
-6.735888481140136719e+00
-7.363551616668701172e+00
-4.869882583618164062e+00
-6.269580364227294922e+00
-5.712207317352294922e+00
-6.489736080169677734e+00
-5.386754512786865234e+00
-5.260601520538330078e+00
-4.560301303863525391e+00
-5.084014415740966797e+00
-6.082519531250000000e+00
-6.959283828735351562e+00
-6.846897602081298828e+00
-6.731946945190429688e+00
-5.091342926025390625e+00
-6.160418510437011719e+00
-5.217446804046630859e+00
-5.961801528930664062e+00
-5.731661319732666016e+00
-4.853509902954101562e+00
-4.031164169311523438e+00
-5.525029659271240234e+00
-4.162199974060058594e+00
-5.232977390289306641e+00
-7.137368202209472656e+00
-6.278880119323730469e+00
-6.352291107177734375e+00
-6.392792701721191406e+00
-6.736343383789062500e+00
-6.189527034759521484e+00
-5.923378944396972656e+00
-4.945199966430664062e+00
-3.989578485488891602e+00
-4.727461814880371094e+00
-6.558655738830566406e+00
-6.125153541564941406e+00
-7.037043571472167969e+00
-7.295504570007324219e+00
-4.954455375671386719e+00
-5.490657329559326172e+00
-5.904421329498291016e+00
-5.907646656036376953e+00
-5.781338214874267578e+00
-4.059598922729492188e+00
-3.674300670623779297e+00
-3.736669063568115234e+00
-5.525957107543945312e+00
-5.245507240295410156e+00
-5.888813495635986328e+00
-5.451684951782226562e+00
-6.889491558074951172e+00
-5.277899265289306641e+00
-6.229409217834472656e+00
-6.051755428314208984e+00
-5.114284515380859375e+00
-4.348163604736328125e+00
-3.771035671234130859e+00
-3.974497318267822266e+00
-4.231776237487792969e+00
-5.845825195312500000e+00
-6.418551445007324219e+00
-4.598792552947998047e+00
-3.731529235839843750e+00
-4.895564079284667969e+00
-4.603298664093017578e+00
-4.741236209869384766e+00
-4.843794822692871094e+00
-3.996838808059692383e+00
-4.007022380828857422e+00
-4.159229278564453125e+00
-4.829440593719482422e+00
-5.350601196289062500e+00
-7.409661769866943359e+00
-6.388077259063720703e+00
-5.589309215545654297e+00
-5.039117336273193359e+00
-4.713431358337402344e+00
-5.839337348937988281e+00
-5.762759685516357422e+00
-4.084039211273193359e+00
-3.514102697372436523e+00
-4.504508018493652344e+00
-5.106954574584960938e+00
-7.538667678833007812e+00
-6.753728389739990234e+00
-6.539930343627929688e+00
-7.062724590301513672e+00
-4.570528507232666016e+00
-5.736889839172363281e+00
-5.410791397094726562e+00
-4.878943920135498047e+00
-4.043589115142822266e+00
-3.837967395782470703e+00
-4.534660339355468750e+00
-5.420764923095703125e+00
-6.915522098541259766e+00
-6.974879741668701172e+00
-6.635426521301269531e+00
-5.436031341552734375e+00
-5.425690650939941406e+00
-5.263782501220703125e+00
-5.897156715393066406e+00
-4.932444095611572266e+00
-3.877038955688476562e+00
-3.617336750030517578e+00
-4.902374744415283203e+00
-4.659420967102050781e+00
-6.313003063201904297e+00
-8.141381263732910156e+00
-7.035381317138671875e+00
-5.007179737091064453e+00
-6.333681106567382812e+00
-5.871488094329833984e+00
-5.317715167999267578e+00
-5.793380737304687500e+00
-4.850330829620361328e+00
-4.206499576568603516e+00
-4.503573894500732422e+00
-5.938086509704589844e+00
-5.225688457489013672e+00
-5.429549217224121094e+00
-3.365802526473999023e+00
-4.817291736602783203e+00
-3.884589195251464844e+00
-5.615427970886230469e+00
-5.354158401489257812e+00
-4.976007938385009766e+00
-3.266387701034545898e+00
-3.041735172271728516e+00
-4.026840209960937500e+00
-4.152556896209716797e+00
-3.641039371490478516e+00
-6.395323753356933594e+00
-7.497387886047363281e+00
-5.481838703155517578e+00
-5.396158695220947266e+00
-4.340091705322265625e+00
-5.138976097106933594e+00
-5.529985904693603516e+00
-3.684226751327514648e+00
-3.918065786361694336e+00
-4.616927146911621094e+00
-5.522548675537109375e+00
-7.277199268341064453e+00
-7.219480514526367188e+00
-7.565641880035400391e+00
-6.589994907379150391e+00
-5.462203025817871094e+00
-5.474494934082031250e+00
-5.133981227874755859e+00
-5.262396812438964844e+00
-3.877115964889526367e+00
-2.950001955032348633e+00
-3.238042354583740234e+00
-4.832321643829345703e+00
-6.474967956542968750e+00
-7.194319725036621094e+00
-6.295677185058593750e+00
-3.729159116744995117e+00
-5.617969036102294922e+00
-5.676345825195312500e+00
-6.574900150299072266e+00
-5.306819438934326172e+00
-4.354826450347900391e+00
-3.712519884109497070e+00
-5.075193405151367188e+00
-5.679172992706298828e+00
-7.583639621734619141e+00
-7.736467838287353516e+00
-8.485464096069335938e+00
-5.839802265167236328e+00
-5.145665645599365234e+00
-5.720592021942138672e+00
-6.272979259490966797e+00
-5.466238975524902344e+00
-4.374966621398925781e+00
-4.145213603973388672e+00
-3.871202707290649414e+00
-6.298782825469970703e+00
-6.054834365844726562e+00
-7.852605342864990234e+00
-6.241363525390625000e+00
-6.883309364318847656e+00
-5.846408843994140625e+00
-6.162671089172363281e+00
-6.370807647705078125e+00
-5.559942245483398438e+00
-4.423566818237304688e+00
-3.474762201309204102e+00
-3.973486900329589844e+00
-6.794356346130371094e+00
-7.762824058532714844e+00
-6.242858409881591797e+00
-7.974412918090820312e+00
-5.935973644256591797e+00
-4.829952239990234375e+00
-5.699222564697265625e+00
-5.279150009155273438e+00
-5.355132102966308594e+00
-4.221297740936279297e+00
-4.464464187622070312e+00
-3.931012868881225586e+00
-4.585443973541259766e+00
-7.494917869567871094e+00
-5.839297294616699219e+00
-6.606245517730712891e+00
-6.462169170379638672e+00
-4.648647308349609375e+00
-5.284169197082519531e+00
-5.576041221618652344e+00
-5.005488872528076172e+00
-4.239756584167480469e+00
-3.918587923049926758e+00
-5.383482933044433594e+00
-4.742487430572509766e+00
-7.233030319213867188e+00
-8.066356658935546875e+00
-7.191139221191406250e+00
-5.492050647735595703e+00
-6.571830272674560547e+00
-6.638880252838134766e+00
-5.588174343109130859e+00
-5.854652881622314453e+00
-4.527502536773681641e+00
-4.240764141082763672e+00
-4.327645301818847656e+00
-6.682990074157714844e+00
-6.827129840850830078e+00
-5.763048171997070312e+00
-6.821352958679199219e+00
-6.293413639068603516e+00
-5.792205333709716797e+00
-5.217472076416015625e+00
-5.825372219085693359e+00
-5.223834991455078125e+00
-3.805567026138305664e+00
-3.498932123184204102e+00
-4.223420619964599609e+00
-6.034906864166259766e+00
-6.960127830505371094e+00
-6.623347282409667969e+00
-7.177926063537597656e+00
-5.947597980499267578e+00
-5.004456043243408203e+00
-5.599719047546386719e+00
-5.644274234771728516e+00
-4.883418560028076172e+00
-4.124708175659179688e+00
-3.345100879669189453e+00
-5.211345195770263672e+00
-6.135729312896728516e+00
-5.813933849334716797e+00
-6.278271198272705078e+00
-7.754411697387695312e+00
-6.546008110046386719e+00
-4.987575054168701172e+00
-6.130086898803710938e+00
-6.225093841552734375e+00
-5.447990894317626953e+00
-4.366550445556640625e+00
-3.866456985473632812e+00
-4.881087303161621094e+00
-4.767564296722412109e+00
-6.989871501922607422e+00
-5.379313468933105469e+00
-6.948681831359863281e+00
-7.465742588043212891e+00
-5.142374038696289062e+00
-5.333143711090087891e+00
-5.687133312225341797e+00
-5.872318744659423828e+00
-3.912958383560180664e+00
-3.479146480560302734e+00
-4.795506954193115234e+00
-6.320956230163574219e+00
-5.384651184082031250e+00
-6.613356590270996094e+00
-6.547996044158935547e+00
-4.627321243286132812e+00
-4.862333774566650391e+00
-5.308576583862304688e+00
-3.868677139282226562e+00
-5.246321201324462891e+00
-3.706441879272460938e+00
-3.463072538375854492e+00
-3.696031570434570312e+00
-5.505475521087646484e+00
-5.827892780303955078e+00
-5.977688789367675781e+00
-4.904985904693603516e+00
-5.267464637756347656e+00
-5.116630554199218750e+00
-4.939280986785888672e+00
-5.163582324981689453e+00
-4.793715000152587891e+00
-3.457895994186401367e+00
-2.972461938858032227e+00
-4.116208076477050781e+00
-4.761059284210205078e+00
-6.433567523956298828e+00
