2.529164314270019531e+01
2.499966239929199219e+01
2.482420539855957031e+01
2.523999595642089844e+01
2.593006706237792969e+01
2.661771011352539062e+01
2.698180770874023438e+01
2.734744834899902344e+01
2.770106697082519531e+01
2.770130920410156250e+01
2.713821029663085938e+01
2.627781867980957031e+01
2.545050048828125000e+01
2.500620460510253906e+01
2.483205986022949219e+01
2.545028305053710938e+01
2.629401969909667969e+01
2.677276229858398438e+01
2.697258377075195312e+01
2.754248428344726562e+01
2.792574310302734375e+01
2.773061180114746094e+01
2.709632873535156250e+01
2.609144401550292969e+01
2.538000297546386719e+01
2.481103515625000000e+01
2.525237846374511719e+01
2.529206466674804688e+01
2.601037025451660156e+01
2.654186439514160156e+01
2.705345916748046875e+01
2.735489654541015625e+01
2.778500938415527344e+01
2.760518264770507812e+01
2.717971611022949219e+01
2.634302330017089844e+01
2.534043693542480469e+01
2.467708587646484375e+01
2.473648834228515625e+01
2.498880767822265625e+01
2.567275810241699219e+01
2.634751701354980469e+01
2.679650497436523438e+01
2.707212257385253906e+01
2.748384857177734375e+01
2.738186264038085938e+01
2.665564537048339844e+01
2.566036605834960938e+01
2.495227241516113281e+01
2.480286979675292969e+01
2.520644569396972656e+01
2.561607742309570312e+01
2.590920257568359375e+01
2.667434310913085938e+01
2.696329498291015625e+01
2.737600326538085938e+01
2.772764396667480469e+01
2.757459068298339844e+01
2.718742752075195312e+01
2.637772941589355469e+01
2.523307228088378906e+01
2.471253204345703125e+01
2.463022613525390625e+01
2.493459701538085938e+01
2.558659172058105469e+01
2.598766517639160156e+01
2.649295234680175781e+01
2.704706382751464844e+01
2.748569679260253906e+01
2.733610916137695312e+01
2.664720153808593750e+01
2.575534248352050781e+01
2.483831977844238281e+01
2.440436935424804688e+01
2.417384338378906250e+01
2.448822784423828125e+01
2.513366317749023438e+01
2.626891136169433594e+01
2.688595008850097656e+01
2.736780548095703125e+01
2.757992744445800781e+01
2.746515274047851562e+01
2.690585517883300781e+01
2.586616897583007812e+01
2.465765953063964844e+01
2.428603744506835938e+01
2.423647880554199219e+01
2.460300445556640625e+01
2.534265708923339844e+01
2.596547126770019531e+01
2.659644699096679688e+01
2.705773353576660156e+01
2.755379867553710938e+01
2.741384696960449219e+01
2.674221801757812500e+01
2.558394241333007812e+01
2.495370674133300781e+01
2.458431243896484375e+01
2.495536041259765625e+01
2.544931030273437500e+01
2.613773345947265625e+01
2.699357986450195312e+01
2.727112388610839844e+01
2.791081428527832031e+01
2.812061882019042969e+01
2.812104415893554688e+01
2.748246765136718750e+01
2.671535301208496094e+01
2.538977813720703125e+01
2.477551460266113281e+01
2.494444274902343750e+01
2.542716789245605469e+01
2.603486061096191406e+01
2.681523132324218750e+01
2.725978469848632812e+01
2.744555282592773438e+01
2.769888305664062500e+01
2.753575515747070312e+01
2.696489334106445312e+01
2.597099685668945312e+01
2.494682693481445312e+01
2.441278076171875000e+01
2.422610092163085938e+01
2.448435974121093750e+01
2.525027656555175781e+01
2.620938873291015625e+01
2.708306312561035156e+01
2.774462890625000000e+01
2.772524833679199219e+01
2.765683555603027344e+01
2.702535820007324219e+01
2.635236358642578125e+01
2.513763427734375000e+01
2.478133964538574219e+01
2.479404640197753906e+01
2.526149368286132812e+01
2.584972000122070312e+01
2.633973312377929688e+01
2.693137931823730469e+01
2.759928321838378906e+01
2.810111618041992188e+01
2.800085258483886719e+01
2.728842735290527344e+01
2.618208312988281250e+01
2.515298843383789062e+01
2.473704910278320312e+01
2.454729461669921875e+01
2.481044197082519531e+01
2.543596267700195312e+01
2.615186882019042969e+01
2.659315681457519531e+01
2.715196037292480469e+01
2.775016975402832031e+01
2.754233741760253906e+01
2.686277961730957031e+01
2.589586830139160156e+01
2.512426757812500000e+01
2.469260406494140625e+01
2.461533927917480469e+01
2.493615531921386719e+01
2.549209213256835938e+01
2.627814483642578125e+01
2.689871978759765625e+01
2.716896247863769531e+01
2.749615859985351562e+01
2.749646186828613281e+01
2.681747436523437500e+01
2.591174507141113281e+01
2.504364585876464844e+01
2.450529098510742188e+01
2.451631927490234375e+01
2.508030891418457031e+01
2.571010017395019531e+01
2.646755981445312500e+01
2.672136306762695312e+01
2.722289657592773438e+01
2.758931922912597656e+01
2.750369834899902344e+01
2.684440612792968750e+01
2.585966491699218750e+01
2.476002693176269531e+01
2.427042388916015625e+01
2.436703681945800781e+01
2.480035400390625000e+01
2.531086921691894531e+01
2.607018280029296875e+01
2.652001380920410156e+01
2.702218055725097656e+01
2.734616851806640625e+01
2.747548484802246094e+01
2.704131698608398438e+01
2.596126556396484375e+01
2.520426750183105469e+01
2.468527603149414062e+01
2.477621078491210938e+01
2.527190780639648438e+01
2.613584709167480469e+01
2.674722099304199219e+01
2.740674400329589844e+01
2.786277389526367188e+01
2.804946708679199219e+01
2.794463539123535156e+01
2.742229843139648438e+01
2.643822669982910156e+01
2.564991188049316406e+01
2.502028083801269531e+01
2.487275695800781250e+01
2.535827064514160156e+01
2.580696296691894531e+01
2.640880775451660156e+01
2.676556015014648438e+01
2.731742095947265625e+01
2.769460868835449219e+01
2.753055381774902344e+01
2.686140060424804688e+01
2.596285438537597656e+01
2.531933975219726562e+01
2.489197540283203125e+01
2.478125762939453125e+01
2.524982070922851562e+01
2.597132873535156250e+01
2.670816993713378906e+01
2.704808998107910156e+01
2.738690185546875000e+01
2.791800498962402344e+01
2.796326828002929688e+01
2.735962486267089844e+01
2.644166755676269531e+01
2.555315017700195312e+01
2.535071372985839844e+01
2.525411415100097656e+01
2.556654548645019531e+01
2.612246513366699219e+01
2.701847076416015625e+01
2.728552436828613281e+01
2.790989494323730469e+01
2.804515647888183594e+01
2.801425170898437500e+01
2.733423805236816406e+01
2.625307273864746094e+01
2.502408790588378906e+01
2.449385643005371094e+01
2.446054267883300781e+01
2.493612861633300781e+01
2.582392501831054688e+01
2.642215728759765625e+01
2.689009857177734375e+01
2.761891937255859375e+01
2.809276390075683594e+01
2.779132080078125000e+01
2.715070724487304688e+01
2.620168685913085938e+01
2.494155311584472656e+01
2.453094482421875000e+01
2.467779541015625000e+01
2.496936607360839844e+01
2.558180618286132812e+01
2.622031784057617188e+01
2.682246589660644531e+01
2.736040115356445312e+01
2.767821884155273438e+01
2.766864013671875000e+01
2.690293312072753906e+01
2.589215850830078125e+01
2.505242156982421875e+01
2.465711021423339844e+01
2.487648773193359375e+01
2.507022094726562500e+01
2.576844024658203125e+01
2.650647926330566406e+01
2.708083534240722656e+01
2.759599304199218750e+01
2.810926437377929688e+01
2.799000740051269531e+01
2.744194602966308594e+01
2.662300872802734375e+01
2.586240577697753906e+01
2.520304107666015625e+01
2.508680725097656250e+01
2.513353729248046875e+01
2.552333259582519531e+01
2.624204826354980469e+01
2.661443328857421875e+01
2.732991600036621094e+01
2.780869865417480469e+01
2.794781303405761719e+01
2.732164764404296875e+01
2.626209068298339844e+01
2.541767311096191406e+01
2.479048728942871094e+01
2.489015007019042969e+01
2.517165184020996094e+01
2.584022140502929688e+01
2.647915267944335938e+01
2.710256767272949219e+01
2.785389709472656250e+01
2.829417991638183594e+01
2.845591163635253906e+01
2.753710365295410156e+01
2.656875991821289062e+01
2.563479423522949219e+01
2.526300811767578125e+01
2.509425926208496094e+01
2.551629066467285156e+01
2.572374916076660156e+01
2.652677154541015625e+01
2.720702743530273438e+01
2.785708045959472656e+01
2.825227165222167969e+01
2.823132896423339844e+01
2.755379295349121094e+01
2.661190795898437500e+01
2.555554389953613281e+01
2.493000602722167969e+01
2.540355491638183594e+01
2.593191528320312500e+01
2.665950584411621094e+01
2.738001060485839844e+01
2.777627563476562500e+01
2.813736724853515625e+01
2.849056625366210938e+01
2.817072296142578125e+01
2.750820350646972656e+01
2.665452957153320312e+01
2.556897544860839844e+01
2.488126945495605469e+01
2.487161827087402344e+01
2.549977302551269531e+01
2.607654571533203125e+01
2.679090118408203125e+01
2.718184661865234375e+01
2.781692123413085938e+01
2.830359458923339844e+01
2.829615211486816406e+01
2.771377563476562500e+01
2.653247070312500000e+01
2.567443084716796875e+01
2.532805633544921875e+01
2.518566513061523438e+01
2.557446861267089844e+01
2.601202964782714844e+01
2.658058357238769531e+01
2.701994323730468750e+01
2.738923454284667969e+01
2.783564376831054688e+01
2.788109397888183594e+01
2.722318458557128906e+01
2.623449707031250000e+01
2.536922264099121094e+01
2.498997688293457031e+01
2.496679115295410156e+01
2.517219161987304688e+01
2.596374511718750000e+01
2.673292350769042969e+01
2.724247741699218750e+01
2.781820678710937500e+01
2.824287033081054688e+01
2.811632728576660156e+01
2.730604743957519531e+01
2.623599052429199219e+01
2.518269348144531250e+01
2.441692161560058594e+01
2.435119056701660156e+01
2.486652374267578125e+01
2.549471092224121094e+01
2.643898010253906250e+01
2.732791709899902344e+01
2.772011756896972656e+01
2.816601562500000000e+01
2.825785827636718750e+01
2.758986282348632812e+01
2.670409774780273438e+01
2.587797355651855469e+01
2.567024993896484375e+01
2.591286849975585938e+01
2.636944389343261719e+01
2.692625236511230469e+01
2.745957756042480469e+01
2.789238357543945312e+01
2.832530212402343750e+01
2.846139907836914062e+01
2.834182548522949219e+01
2.772430992126464844e+01
2.679586219787597656e+01
2.591743469238281250e+01
2.525394821166992188e+01
2.506403923034667969e+01
2.552960205078125000e+01
2.612775230407714844e+01
2.701782798767089844e+01
2.738444709777832031e+01
2.784239006042480469e+01
2.812988853454589844e+01
2.806878280639648438e+01
2.735033226013183594e+01
2.636311149597167969e+01
2.529942131042480469e+01
2.473920631408691406e+01
2.462664794921875000e+01
2.514357757568359375e+01
2.586822319030761719e+01
2.673645591735839844e+01
2.730667304992675781e+01
2.787137413024902344e+01
2.846816444396972656e+01
2.836419868469238281e+01
2.769900131225585938e+01
2.667843246459960938e+01
2.559453010559082031e+01
2.509660148620605469e+01
2.531433677673339844e+01
2.559171867370605469e+01
2.628783035278320312e+01
2.670739173889160156e+01
2.722434616088867188e+01
2.782945251464843750e+01
2.829804611206054688e+01
2.831566810607910156e+01
2.748478126525878906e+01
2.650417137145996094e+01
2.539614868164062500e+01
2.481167411804199219e+01
2.471420288085937500e+01
2.511620903015136719e+01
2.573999977111816406e+01
2.645538902282714844e+01
2.701468658447265625e+01
2.759584045410156250e+01
2.817344474792480469e+01
2.828243446350097656e+01
2.748989868164062500e+01
2.652963447570800781e+01
2.544098281860351562e+01
2.498966217041015625e+01
2.483841514587402344e+01
2.510744094848632812e+01
2.587570190429687500e+01
2.645309638977050781e+01
2.713632583618164062e+01
2.790925216674804688e+01
2.857464790344238281e+01
2.857077407836914062e+01
2.776551055908203125e+01
2.668340110778808594e+01
2.594456291198730469e+01
2.537035751342773438e+01
2.526580047607421875e+01
2.558757209777832031e+01
2.624694061279296875e+01
2.691211700439453125e+01
2.742234992980957031e+01
2.798948478698730469e+01
2.833860015869140625e+01
2.828865242004394531e+01
2.762153053283691406e+01
2.666271781921386719e+01
2.575669670104980469e+01
2.516136932373046875e+01
2.505684852600097656e+01
2.561366844177246094e+01
2.639249229431152344e+01
2.712150001525878906e+01
2.757995033264160156e+01
2.817661476135253906e+01
2.848701858520507812e+01
2.826762962341308594e+01
2.776450538635253906e+01
2.673273468017578125e+01
2.557824134826660156e+01
2.470500564575195312e+01
2.482081413269042969e+01
2.507929992675781250e+01
2.552987098693847656e+01
2.601735115051269531e+01
2.674998283386230469e+01
2.755355453491210938e+01
2.791968727111816406e+01
2.794853782653808594e+01
2.717184257507324219e+01
2.626746559143066406e+01
2.532391929626464844e+01
2.499187850952148438e+01
2.482110977172851562e+01
2.514402770996093750e+01
2.580592155456542969e+01
2.676266670227050781e+01
2.719858360290527344e+01
2.777605438232421875e+01
2.828689384460449219e+01
2.818829345703125000e+01
2.741888427734375000e+01
2.642889404296875000e+01
2.568019294738769531e+01
2.542529869079589844e+01
2.544084358215332031e+01
2.585831069946289062e+01
2.640173721313476562e+01
2.717389678955078125e+01
2.766950225830078125e+01
2.807119178771972656e+01
2.838438224792480469e+01
2.830741500854492188e+01
2.756055259704589844e+01
2.662660217285156250e+01
2.572023773193359375e+01
2.513725280761718750e+01
2.495985031127929688e+01
2.548813056945800781e+01
2.605494308471679688e+01
2.660033226013183594e+01
2.720124053955078125e+01
2.777861976623535156e+01
2.831999969482421875e+01
2.821149063110351562e+01
2.771299743652343750e+01
2.662903976440429688e+01
2.581915283203125000e+01
2.540419197082519531e+01
2.496240425109863281e+01
2.527718734741210938e+01
2.609789085388183594e+01
2.684952735900878906e+01
2.720854568481445312e+01
2.779322242736816406e+01
2.832575607299804688e+01
2.823456954956054688e+01
2.750012016296386719e+01
2.650502586364746094e+01
2.564367103576660156e+01
2.510723686218261719e+01
2.540488243103027344e+01
2.593268585205078125e+01
2.685738182067871094e+01
2.787460327148437500e+01
2.833772468566894531e+01
2.877277374267578125e+01
2.924060630798339844e+01
2.914909553527832031e+01
2.833352279663085938e+01
2.736989212036132812e+01
2.656749343872070312e+01
2.618414497375488281e+01
2.615212249755859375e+01
2.646117782592773438e+01
2.725602531433105469e+01
2.784360694885253906e+01
2.805811500549316406e+01
2.848509788513183594e+01
2.889946937561035156e+01
2.889582633972167969e+01
2.812771415710449219e+01
2.715102958679199219e+01
