2.592999999999999972e+01
2.628999999999999915e+01
2.528999999999999915e+01
2.567000000000000171e+01
2.591000000000000014e+01
2.598999999999999844e+01
2.626999999999999957e+01
2.533999999999999986e+01
2.614000000000000057e+01
2.682000000000000028e+01
2.707999999999999829e+01
2.633999999999999986e+01
2.658999999999999986e+01
2.548999999999999844e+01
2.571000000000000085e+01
2.607000000000000028e+01
2.675000000000000000e+01
2.641000000000000014e+01
2.671000000000000085e+01
2.612000000000000099e+01
2.642000000000000171e+01
2.621999999999999886e+01
2.707999999999999829e+01
2.623999999999999844e+01
2.648000000000000043e+01
2.571999999999999886e+01
2.666000000000000014e+01
2.678999999999999915e+01
2.601000000000000156e+01
2.673000000000000043e+01
2.732999999999999829e+01
2.692999999999999972e+01
2.612999999999999901e+01
2.587000000000000099e+01
2.628999999999999915e+01
2.646000000000000085e+01
2.644999999999999929e+01
2.625000000000000000e+01
2.639000000000000057e+01
2.601999999999999957e+01
2.676000000000000156e+01
2.717000000000000171e+01
2.660000000000000142e+01
2.685000000000000142e+01
2.685999999999999943e+01
2.726000000000000156e+01
