-6.471900939941406250e-01
-5.765056610107421875e-01
-5.346012115478515625e-01
-9.866085052490234375e-01
-8.091411590576171875e-01
-9.207859039306640625e-01
-8.434829711914062500e-01
-1.110767364501953125e+00
-7.332305908203125000e-01
-7.324352264404296875e-01
-7.995929718017578125e-01
-7.184085845947265625e-01
-1.051797866821289062e+00
-9.538650512695312500e-01
-9.431858062744140625e-01
-1.113225936889648438e+00
-6.164112091064453125e-01
-7.336254119873046875e-01
-8.174724578857421875e-01
-6.915302276611328125e-01
-6.119346618652343750e-01
-8.165225982666015625e-01
-6.929187774658203125e-01
-8.792552947998046875e-01
-7.637290954589843750e-01
-5.954418182373046875e-01
-3.394775390625000000e-01
-6.015281677246093750e-01
-6.005401611328125000e-01
-5.098590850830078125e-01
-9.441795349121093750e-01
-1.250534057617187500e-01
-3.175010681152343750e-01
-5.963459014892578125e-01
-5.132274627685546875e-01
-8.743247985839843750e-01
-9.771938323974609375e-01
-8.129558563232421875e-01
-5.740070343017578125e-01
-1.002449035644531250e+00
-9.562110900878906250e-01
-5.600547790527343750e-01
-5.513477325439453125e-01
-4.960193634033203125e-01
-3.070659637451171875e-01
-2.479972839355468750e-01
