1.018476963043212891e+00
5.748634338378906250e-01
1.286709427833557129e+00
1.788948297500610352e+00
2.526729345321655273e+00
4.391329288482666016e+00
3.702969551086425781e+00
3.775364398956298828e+00
4.883288860321044922e+00
4.250894546508789062e+00
3.886976480484008789e+00
2.170773029327392578e+00
9.047336578369140625e-01
5.937877893447875977e-01
8.085834980010986328e-01
1.401732683181762695e+00
2.762883663177490234e+00
3.196727991104125977e+00
3.250648975372314453e+00
3.924448966979980469e+00
3.944870948791503906e+00
3.921699285507202148e+00
2.703830242156982422e+00
2.578678369522094727e+00
1.238282322883605957e+00
1.606791853904724121e+00
6.640629172325134277e-01
2.830025911331176758e+00
3.175019741058349609e+00
3.791592121124267578e+00
3.829855918884277344e+00
4.271560192108154297e+00
4.392348766326904297e+00
3.807265758514404297e+00
3.632351398468017578e+00
2.736837625503540039e+00
1.195455789566040039e+00
1.158535242080688477e+00
9.899287819862365723e-01
1.721158146858215332e+00
3.207041740417480469e+00
3.413856029510498047e+00
3.391588687896728516e+00
3.558036327362060547e+00
4.296892642974853516e+00
3.960720062255859375e+00
3.215372562408447266e+00
2.788439273834228516e+00
9.797639250755310059e-01
9.422369003295898438e-01
1.049826383590698242e+00
1.835373520851135254e+00
3.293400764465332031e+00
3.426584005355834961e+00
3.457978963851928711e+00
3.670131444931030273e+00
3.410334110260009766e+00
4.418122291564941406e+00
2.623868703842163086e+00
2.513766050338745117e+00
2.025763034820556641e+00
1.119655728340148926e+00
8.058439493179321289e-01
9.493991136550903320e-01
2.093566656112670898e+00
3.386651277542114258e+00
3.858356714248657227e+00
4.063240051269531250e+00
4.264672279357910156e+00
4.702169418334960938e+00
4.250662803649902344e+00
2.390347719192504883e+00
9.809690713882446289e-01
6.821969747543334961e-01
9.303613901138305664e-01
9.807299375534057617e-01
1.858908772468566895e+00
2.537325143814086914e+00
3.242620944976806641e+00
3.824540376663208008e+00
3.996970653533935547e+00
4.936087608337402344e+00
4.505833625793457031e+00
2.337329626083374023e+00
1.491109609603881836e+00
9.123582243919372559e-01
7.281337380409240723e-01
1.195115566253662109e+00
2.734310150146484375e+00
3.354417324066162109e+00
2.681403160095214844e+00
3.601455688476562500e+00
3.535181522369384766e+00
4.252389430999755859e+00
4.252305030822753906e+00
2.548473119735717773e+00
7.932819128036499023e-01
5.512096881866455078e-01
7.146487832069396973e-01
1.541395068168640137e+00
3.124613523483276367e+00
3.191322326660156250e+00
3.917659997940063477e+00
4.093457221984863281e+00
4.475132465362548828e+00
5.130286693572998047e+00
4.036050796508789062e+00
1.860617399215698242e+00
1.203731894493103027e+00
8.969874978065490723e-01
5.922104120254516602e-01
8.309205770492553711e-01
1.842540979385375977e+00
3.335051298141479492e+00
4.028450489044189453e+00
5.372457504272460938e+00
5.223210334777832031e+00
4.540589332580566406e+00
3.908818721771240234e+00
2.181759834289550781e+00
1.192762732505798340e+00
1.388092160224914551e+00
9.998352527618408203e-01
6.822859644889831543e-01
1.936759948730468750e+00
2.467868566513061523e+00
3.240606784820556641e+00
4.044847965240478516e+00
4.783902168273925781e+00
3.264036417007446289e+00
4.380629539489746094e+00
1.905338287353515625e+00
1.423783779144287109e+00
1.173353195190429688e+00
9.747365713119506836e-01
1.748684763908386230e+00
2.312699794769287109e+00
3.222655057907104492e+00
3.378552436828613281e+00
3.766440868377685547e+00
4.123744487762451172e+00
5.068852424621582031e+00
3.327247142791748047e+00
2.715063810348510742e+00
9.290796518325805664e-01
7.844609022140502930e-01
8.014032840728759766e-01
1.070669174194335938e+00
1.481022119522094727e+00
2.388654947280883789e+00
2.986846446990966797e+00
3.337832212448120117e+00
3.788366079330444336e+00
3.326017856597900391e+00
3.531252861022949219e+00
2.463071346282958984e+00
9.331261515617370605e-01
7.538632154464721680e-01
6.535629630088806152e-01
1.620439052581787109e+00
3.680625915527343750e+00
3.233734130859375000e+00
3.178279399871826172e+00
3.105741739273071289e+00
3.738934516906738281e+00
3.058400154113769531e+00
3.546242713928222656e+00
1.822926759719848633e+00
1.466005206108093262e+00
7.687317728996276855e-01
9.796591997146606445e-01
1.276577591896057129e+00
3.590041875839233398e+00
3.082086801528930664e+00
3.230791568756103516e+00
3.379175662994384766e+00
3.756304025650024414e+00
3.537151813507080078e+00
4.200624465942382812e+00
2.699893474578857422e+00
9.868622422218322754e-01
6.353202462196350098e-01
7.677408456802368164e-01
1.266956925392150879e+00
1.885856032371520996e+00
2.691945791244506836e+00
3.021151304244995117e+00
3.361749172210693359e+00
3.468341827392578125e+00
3.771552562713623047e+00
3.381084680557250977e+00
1.792040586471557617e+00
7.638830542564392090e-01
4.599270522594451904e-01
8.344945311546325684e-01
8.582740426063537598e-01
1.636372208595275879e+00
3.463934898376464844e+00
4.400692939758300781e+00
5.582030296325683594e+00
4.658772945404052734e+00
4.074561595916748047e+00
3.195497274398803711e+00
2.410664081573486328e+00
1.761716842651367188e+00
1.266857385635375977e+00
1.292583703994750977e+00
9.821506142616271973e-01
2.282283306121826172e+00
3.140386343002319336e+00
4.118048191070556641e+00
4.169448375701904297e+00
4.103089332580566406e+00
3.936558723449707031e+00
3.519752025604248047e+00
2.355055809020996094e+00
1.527784347534179688e+00
1.369031429290771484e+00
6.869782209396362305e-01
1.089562654495239258e+00
2.405550241470336914e+00
3.523065090179443359e+00
3.208395957946777344e+00
3.267622470855712891e+00
3.734298706054687500e+00
3.455788612365722656e+00
2.788871765136718750e+00
8.676481842994689941e-01
7.607479095458984375e-01
1.018874287605285645e+00
9.634295701980590820e-01
1.600698709487915039e+00
2.993391275405883789e+00
3.556381225585937500e+00
3.829446077346801758e+00
4.744972705841064453e+00
4.014886856079101562e+00
4.145853996276855469e+00
3.433403968811035156e+00
3.323279857635498047e+00
1.369271993637084961e+00
1.003131270408630371e+00
7.915512919425964355e-01
1.478253841400146484e+00
1.593513965606689453e+00
3.279358863830566406e+00
3.539490699768066406e+00
4.267603397369384766e+00
4.646040916442871094e+00
4.910300731658935547e+00
4.157619953155517578e+00
2.804978609085083008e+00
1.866871714591979980e+00
6.950175762176513672e-01
1.012899994850158691e+00
1.203918695449829102e+00
2.154989957809448242e+00
3.224208831787109375e+00
3.237222909927368164e+00
3.849482297897338867e+00
4.513563156127929688e+00
3.612466096878051758e+00
3.847571134567260742e+00
1.574438214302062988e+00
6.102538704872131348e-01
4.560720026493072510e-01
5.830362439155578613e-01
9.325817823410034180e-01
2.199585437774658203e+00
2.479343891143798828e+00
3.201109886169433594e+00
3.804236888885498047e+00
3.676599025726318359e+00
4.012054920196533203e+00
3.665114164352416992e+00
2.651562929153442383e+00
1.159980416297912598e+00
9.612432718276977539e-01
9.958508014678955078e-01
1.485029339790344238e+00
2.132230997085571289e+00
3.065286397933959961e+00
2.894789457321166992e+00
3.314696311950683594e+00
4.545235157012939453e+00
3.058232784271240234e+00
2.784974813461303711e+00
1.101274967193603516e+00
6.385211348533630371e-01
4.967294931411743164e-01
5.355271697044372559e-01
1.238389730453491211e+00
2.008019924163818359e+00
3.337431192398071289e+00
3.851885795593261719e+00
3.501915216445922852e+00
3.995197772979736328e+00
4.430564880371093750e+00
3.834612846374511719e+00
2.578763484954833984e+00
8.169823884963989258e-01
5.974328517913818359e-01
7.375088334083557129e-01
1.792422056198120117e+00
3.114931344985961914e+00
2.981405735015869141e+00
3.559659719467163086e+00
3.594089269638061523e+00
4.975272178649902344e+00
3.977938413619995117e+00
4.067707538604736328e+00
3.237518072128295898e+00
2.223918676376342773e+00
1.213699102401733398e+00
5.732969641685485840e-01
1.606428027153015137e+00
3.133198738098144531e+00
4.503474712371826172e+00
4.408581733703613281e+00
4.566234111785888672e+00
4.109394550323486328e+00
4.969649314880371094e+00
4.026782512664794922e+00
2.716567516326904297e+00
2.008863210678100586e+00
8.922480344772338867e-01
8.384653925895690918e-01
1.258363008499145508e+00
2.171989440917968750e+00
3.858940362930297852e+00
3.782737493515014648e+00
3.959251880645751953e+00
4.272387027740478516e+00
4.082452774047851562e+00
3.573013782501220703e+00
1.784048318862915039e+00
1.074615597724914551e+00
6.099892258644104004e-01
1.059424161911010742e+00
1.316909551620483398e+00
2.844011068344116211e+00
3.207553625106811523e+00
3.395034551620483398e+00
4.506331443786621094e+00
3.933840274810791016e+00
4.542775630950927734e+00
3.272145271301269531e+00
2.863841533660888672e+00
1.151095032691955566e+00
9.510841965675354004e-01
6.230154633522033691e-01
1.161711812019348145e+00
1.959367871284484863e+00
2.796383857727050781e+00
3.895009756088256836e+00
4.822847366333007812e+00
4.336944103240966797e+00
4.457989692687988281e+00
4.434612751007080078e+00
2.481929302215576172e+00
1.216926813125610352e+00
7.828738689422607422e-01
8.813115358352661133e-01
7.987083196640014648e-01
1.521340847015380859e+00
2.486535310745239258e+00
3.414913415908813477e+00
4.189975738525390625e+00
3.629299402236938477e+00
3.494614124298095703e+00
3.368738412857055664e+00
1.395545363426208496e+00
6.591743230819702148e-01
7.658652663230895996e-01
9.855959415435791016e-01
1.733741164207458496e+00
3.186743021011352539e+00
4.032376766204833984e+00
4.283953666687011719e+00
5.573370933532714844e+00
5.777227401733398438e+00
4.367699623107910156e+00
4.423303127288818359e+00
2.747444629669189453e+00
1.021849870681762695e+00
9.693729877471923828e-01
9.754251837730407715e-01
1.471717000007629395e+00
2.849112272262573242e+00
3.628734588623046875e+00
3.798049688339233398e+00
4.672375679016113281e+00
4.655009746551513672e+00
4.274003982543945312e+00
4.155279159545898438e+00
3.222324609756469727e+00
1.182568430900573730e+00
8.158372640609741211e-01
8.293728232383728027e-01
1.822035670280456543e+00
2.726776123046875000e+00
2.769832372665405273e+00
3.436812400817871094e+00
4.763338088989257812e+00
3.344035148620605469e+00
4.966197013854980469e+00
3.834274530410766602e+00
2.072270393371582031e+00
7.942333221435546875e-01
7.514178752899169922e-01
6.672991514205932617e-01
1.334051251411437988e+00
2.734284639358520508e+00
3.340327262878417969e+00
3.108469486236572266e+00
3.977566003799438477e+00
3.881833076477050781e+00
3.912887573242187500e+00
3.585548400878906250e+00
2.027379512786865234e+00
1.366179704666137695e+00
6.163145899772644043e-01
4.778595566749572754e-01
8.088009357452392578e-01
1.646252512931823730e+00
2.585468530654907227e+00
3.020926952362060547e+00
3.787704944610595703e+00
3.277515649795532227e+00
4.298617362976074219e+00
3.677371025085449219e+00
2.234438657760620117e+00
1.292747616767883301e+00
8.816502094268798828e-01
6.369076967239379883e-01
7.268242239952087402e-01
1.872750520706176758e+00
2.893119573593139648e+00
3.159384012222290039e+00
3.466777563095092773e+00
3.797695159912109375e+00
4.029582023620605469e+00
3.515969991683959961e+00
1.293641448020935059e+00
5.415500402450561523e-01
7.670589685440063477e-01
5.736420750617980957e-01
1.855313181877136230e+00
2.604216575622558594e+00
3.135424613952636719e+00
3.449805736541748047e+00
3.618068933486938477e+00
4.489996910095214844e+00
4.550462245941162109e+00
4.997433185577392578e+00
2.370906591415405273e+00
9.092076420783996582e-01
7.844502925872802734e-01
1.113249301910400391e+00
1.295983076095581055e+00
2.508852481842041016e+00
3.772985219955444336e+00
4.174317359924316406e+00
4.259263992309570312e+00
5.298281192779541016e+00
4.180282592773437500e+00
3.461737394332885742e+00
1.964465975761413574e+00
1.296442747116088867e+00
9.259589314460754395e-01
7.928488850593566895e-01
9.741051793098449707e-01
1.757800459861755371e+00
2.684673547744750977e+00
2.843573331832885742e+00
2.929994106292724609e+00
4.038997173309326172e+00
3.834349393844604492e+00
2.970521211624145508e+00
8.948942422866821289e-01
8.161736726760864258e-01
5.300896167755126953e-01
5.526080727577209473e-01
8.812623620033264160e-01
1.906124353408813477e+00
2.913704156875610352e+00
3.470052242279052734e+00
3.409167051315307617e+00
4.655352592468261719e+00
3.028780460357666016e+00
3.152972698211669922e+00
1.580041289329528809e+00
7.773190736770629883e-01
5.177427530288696289e-01
6.893684864044189453e-01
1.064848065376281738e+00
2.156961441040039062e+00
2.765321969985961914e+00
4.338396072387695312e+00
4.322758197784423828e+00
4.737352848052978516e+00
3.760112524032592773e+00
4.615050792694091797e+00
2.929845333099365234e+00
1.280554890632629395e+00
7.391164302825927734e-01
1.014742136001586914e+00
1.383151769638061523e+00
2.016384840011596680e+00
3.003174781799316406e+00
3.581964731216430664e+00
4.631802558898925781e+00
3.536782503128051758e+00
3.479138612747192383e+00
2.379673480987548828e+00
2.270673274993896484e+00
1.496190309524536133e+00
1.274357080459594727e+00
8.105309009552001953e-01
1.404551863670349121e+00
2.132554054260253906e+00
3.833624601364135742e+00
3.764419317245483398e+00
4.389732360839843750e+00
4.303489685058593750e+00
3.904676914215087891e+00
4.126710891723632812e+00
1.820568680763244629e+00
1.179885268211364746e+00
7.261353135108947754e-01
5.868066549301147461e-01
1.361996889114379883e+00
2.586569070816040039e+00
4.085492134094238281e+00
3.798160076141357422e+00
4.298525333404541016e+00
4.564398765563964844e+00
4.582027435302734375e+00
3.291346311569213867e+00
2.348446846008300781e+00
9.395701885223388672e-01
8.199681639671325684e-01
8.783038258552551270e-01
1.360765337944030762e+00
2.847208738327026367e+00
4.654839515686035156e+00
3.740352869033813477e+00
4.370017051696777344e+00
4.498454570770263672e+00
4.174043178558349609e+00
4.345829963684082031e+00
1.955299377441406250e+00
